0.000	0	0
0.000	0	0
1.994	0	0
3.426	0	0
4.889	0.1	0
6.258	0.1	0
7.597	0.1	0
8.903	0.1	0
10.150	0.1	0
11.388	0.1	0
12.564	0.1	0
13.721	0.2	0
14.855	0.2	0
15.942	0.2	0
17.014	0.2	0
18.061	0.2	0
19.072	0.2	0
20.068	0.2	0
21.044	0.3	0
21.987	0.3	0
22.915	0.3	0
23.827	0.3	0
24.713	0.3	0
25.581	0.3	0
26.434	0.3	0
27.273	0.3	0
28.089	0.4	0
28.890	0.4	0
29.678	0.4	0
30.453	0.4	0
31.211	0.4	0
31.954	0.4	0
32.685	0.4	0
33.404	0.4	0
34.112	0.4	0
34.806	0.5	0
35.487	0.5	0
36.158	0.5	0
36.818	0.5	0
37.469	0.5	0
38.109	0.5	0
38.740	0.5	0
39.358	0.5	0
39.968	0.6	0
40.569	0.6	0
41.162	0.6	0
41.746	0.6	0
42.322	0.6	0
42.890	0.6	0
43.450	0.6	0
44.002	0.6	0
44.545	0.6	0
45.082	0.7	0
45.611	0.7	0
46.134	0.7	0
46.650	0.7	0
47.159	0.7	0
47.662	0.7	0
48.159	0.7	0
48.649	0.7	0
49.134	0.7	0
49.612	0.7	0
50.085	0.8	0
50.553	0.8	0
51.014	0.8	0
51.471	0.8	0
51.921	0.8	0
52.367	0.8	0
52.808	0.8	0
53.243	0.8	0
53.674	0.8	0
54.101	0.9	0
54.522	0.9	0
54.939	0.9	0
55.352	0.9	0
55.760	0.9	0
56.164	0.9	0
56.564	0.9	0
56.960	0.9	0
57.352	0.9	0
57.740	0.9	0
58.124	0.9	0
58.503	1	0
58.880	1	0
59.252	1	0
59.621	1	0
59.987	1	0
60.348	1	0
60.707	1	0
61.062	1	0
61.414	1	0
61.763	1	0
62.109	1.1	0
62.451	1.1	0
62.790	1.1	0
63.127	1.1	0
63.460	1.1	0
63.791	1.1	0
64.119	1.1	0
64.444	1.1	0
64.765	1.1	0
65.084	1.1	0
65.401	1.1	0
65.715	1.2	0
66.026	1.2	0
66.334	1.2	0
66.641	1.2	0
66.944	1.2	0
67.246	1.2	0
67.545	1.2	0
67.841	1.2	0
68.135	1.2	0
68.426	1.2	0
68.715	1.2	0
69.002	1.3	0
69.287	1.3	0
69.570	1.3	0
69.851	1.3	0
70.130	1.3	0
70.406	1.3	0
70.680	1.3	0
70.952	1.3	0
71.222	1.3	0
71.490	1.3	0
71.757	1.3	0
72.021	1.3	0
72.283	1.4	0
72.543	1.4	0
72.802	1.4	0
73.059	1.4	0
73.314	1.4	0
73.567	1.4	0
73.819	1.4	0
74.068	1.4	0
74.316	1.4	0
74.562	1.4	0
74.806	1.4	0
75.050	1.5	0
75.291	1.5	0
75.530	1.5	0
75.768	1.5	0
76.004	1.5	0
76.239	1.5	0
76.473	1.5	0
76.704	1.5	0
76.934	1.5	0
77.163	1.5	0
77.390	1.5	0
77.616	1.5	0
77.841	1.5	0
78.063	1.6	0
78.285	1.6	0
78.505	1.6	0
78.724	1.6	0
78.941	1.6	0
79.157	1.6	0
79.372	1.6	0
79.585	1.6	0
79.797	1.6	0
80.008	1.6	0
80.217	1.6	0
80.425	1.6	0
80.632	1.7	0
80.838	1.7	0
81.042	1.7	0
81.245	1.7	0
81.447	1.7	0
81.648	1.7	0
81.848	1.7	0
82.046	1.7	0
82.244	1.7	0
82.440	1.7	0
82.635	1.7	0
82.829	1.7	0
83.022	1.7	0
83.213	1.8	0
83.404	1.8	0
83.594	1.8	0
83.782	1.8	0
83.969	1.8	0
84.156	1.8	0
84.341	1.8	0
84.525	1.8	0
84.708	1.8	0
84.891	1.8	0
85.072	1.8	0
85.252	1.8	0
85.431	1.8	0
85.610	1.9	0
85.787	1.9	0
85.963	1.9	0
86.139	1.9	0
86.313	1.9	0
86.487	1.9	0
86.659	1.9	0
86.831	1.9	0
87.002	1.9	0
87.172	1.9	0
87.341	1.9	0
87.509	1.9	0
87.676	1.9	0
87.842	1.9	0
88.008	2	0
88.172	2	0
88.336	2	0
88.499	2	0
88.661	2	0
88.823	2	0
88.983	2	0
89.142	2	0
89.301	2	0
89.460	2	0
89.617	2	0
89.773	2	0
89.929	2	0
90.084	2	0
90.238	2.1	0
90.391	2.1	0
90.544	2.1	0
90.695	2.1	0
90.846	2.1	0
90.997	2.1	0
91.146	2.1	0
91.295	2.1	0
91.443	2.1	0
91.591	2.1	0
91.737	2.1	0
91.883	2.1	0
92.029	2.1	0
92.173	2.1	0
92.317	2.1	0
92.460	2.2	0
92.603	2.2	0
92.745	2.2	0
92.886	2.2	0
93.026	2.2	0
93.166	2.2	0
93.305	2.2	0
93.444	2.2	0
93.582	2.2	0
93.719	2.2	0
93.856	2.2	0
93.991	2.2	0
94.127	2.2	0
94.261	2.2	0
94.395	2.2	0
94.529	2.3	0
94.662	2.3	0
94.794	2.3	0
94.925	2.3	0
95.056	2.3	0
95.187	2.3	0
95.316	2.3	0
95.446	2.3	0
95.574	2.3	0
95.702	2.3	0
95.830	2.3	0
95.957	2.3	0
96.083	2.3	0
96.209	2.3	0
96.334	2.3	0
96.458	2.4	0
96.582	2.4	0
96.706	2.4	0
96.829	2.4	0
96.951	2.4	0
97.073	2.4	0
97.194	2.4	0
97.315	2.4	0
97.435	2.4	0
97.555	2.4	0
97.674	2.4	0
97.793	2.4	0
97.911	2.4	0
98.028	2.4	0
98.145	2.4	0
98.262	2.5	0
98.378	2.5	0
98.493	2.5	0
98.608	2.5	0
98.723	2.5	0
98.837	2.5	0
98.950	2.5	0
99.064	2.5	0
99.176	2.5	0
99.288	2.5	0
99.400	2.5	0
99.511	2.5	0
99.621	2.5	0
99.731	2.5	0
99.841	2.5	0
99.950	2.6	0
100.059	2.6	0
100.167	2.6	0
100.275	2.6	0
100.382	2.6	0
100.489	2.6	0
100.596	2.6	0
100.702	2.6	0
100.807	2.6	0
100.912	2.6	0
101.017	2.6	0
101.121	2.6	0
101.225	2.6	0
101.328	2.6	0
101.431	2.6	0
101.533	2.6	0
101.635	2.7	0
101.737	2.7	0
101.838	2.7	0
101.939	2.7	0
102.039	2.7	0
102.139	2.7	0
102.238	2.7	0
102.337	2.7	0
102.436	2.7	0
102.534	2.7	0
102.632	2.7	0
102.729	2.7	0
102.826	2.7	0
102.923	2.7	0
103.019	2.7	0
103.114	2.7	0
103.210	2.8	0
103.305	2.8	0
103.399	2.8	0
103.494	2.8	0
103.587	2.8	0
103.681	2.8	0
103.774	2.8	0
103.866	2.8	0
103.959	2.8	0
104.050	2.8	0
104.142	2.8	0
104.233	2.8	0
104.324	2.8	0
104.414	2.8	0
104.504	2.8	0
104.593	2.8	0
104.683	2.8	0
104.771	2.9	0
104.860	2.9	0
104.948	2.9	0
105.036	2.9	0
105.123	2.9	0
105.210	2.9	0
105.297	2.9	0
105.383	2.9	0
105.469	2.9	0
105.555	2.9	0
105.640	2.9	0
105.725	2.9	0
105.809	2.9	0
105.894	2.9	0
105.977	2.9	0
106.061	2.9	0
106.144	3	0
106.227	3	0
106.309	3	0
106.392	3	0
106.473	3	0
106.555	3	0
106.636	3	0
106.717	3	0
106.797	3	0
106.877	3	0
106.957	3	0
107.036	3	0
107.116	3	0
107.194	3	0
107.273	3	0
107.351	3	0
107.429	3	0
107.507	3.1	0
107.584	3.1	0
107.661	3.1	0
107.737	3.1	0
107.813	3.1	0
107.889	3.1	0
107.965	3.1	0
108.040	3.1	0
108.115	3.1	0
108.190	3.1	0
108.264	3.1	0
108.338	3.1	0
108.412	3.1	0
108.485	3.1	0
108.559	3.1	0
108.632	3.1	0
108.704	3.1	0
108.776	3.1	0
108.848	3.2	0
108.920	3.2	0
108.991	3.2	0
109.062	3.2	0
109.133	3.2	0
109.204	3.2	0
109.274	3.2	0
109.344	3.2	0
109.413	3.2	0
109.483	3.2	0
109.552	3.2	0
109.620	3.2	0
109.689	3.2	0
109.757	3.2	0
109.825	3.2	0
109.892	3.2	0
109.960	3.2	0
110.027	3.3	0
110.093	3.3	0
110.160	3.3	0
110.226	3.3	0
110.292	3.3	0
110.358	3.3	0
110.423	3.3	0
110.488	3.3	0
110.553	3.3	0
110.617	3.3	0
110.682	3.3	0
110.746	3.3	0
110.809	3.3	0
110.873	3.3	0
110.936	3.3	0
110.999	3.3	0
111.062	3.3	0
111.124	3.3	0
111.186	3.4	0
111.248	3.4	0
111.309	3.4	0
111.371	3.4	0
111.432	3.4	0
111.493	3.4	0
111.553	3.4	0
111.613	3.4	0
111.673	3.4	0
111.733	3.4	0
111.793	3.4	0
111.852	3.4	0
111.911	3.4	0
111.970	3.4	0
112.028	3.4	0
112.086	3.4	0
112.144	3.4	0
112.202	3.4	0
112.260	3.4	0
112.317	3.5	0
112.374	3.5	0
112.430	3.5	0
112.487	3.5	0
112.543	3.5	0
112.599	3.5	0
112.655	3.5	0
112.710	3.5	0
112.766	3.5	0
112.821	3.5	0
112.875	3.5	0
112.930	3.5	0
112.984	3.5	0
113.038	3.5	0
113.092	3.5	0
113.146	3.5	0
113.199	3.5	0
113.252	3.5	0
113.305	3.6	0
113.357	3.6	0
113.410	3.6	0
113.462	3.6	0
113.514	3.6	0
113.566	3.6	0
113.617	3.6	0
113.668	3.6	0
113.719	3.6	0
113.770	3.6	0
113.820	3.6	0
113.871	3.6	0
113.921	3.6	0
113.971	3.6	0
114.020	3.6	0
114.070	3.6	0
114.119	3.6	0
114.168	3.6	0
114.216	3.6	0
114.265	3.7	0
114.313	3.7	0
114.361	3.7	0
114.409	3.7	0
114.456	3.7	0
114.504	3.7	0
114.551	3.7	0
114.598	3.7	0
114.644	3.7	0
114.691	3.7	0
114.737	3.7	0
114.783	3.7	0
114.829	3.7	0
114.875	3.7	0
114.920	3.7	0
114.965	3.7	0
115.010	3.7	0
115.055	3.7	0
115.099	3.7	0
115.144	3.8	0
115.188	3.8	0
115.232	3.8	0
115.275	3.8	0
115.319	3.8	0
115.362	3.8	0
115.405	3.8	0
115.448	3.8	0
115.490	3.8	0
115.533	3.8	0
115.575	3.8	0
115.617	3.8	0
115.659	3.8	0
115.700	3.8	0
115.742	3.8	0
115.783	3.8	0
115.824	3.8	0
115.864	3.8	0
115.905	3.8	0
115.945	3.9	0
115.985	3.9	0
116.025	3.9	0
116.065	3.9	0
116.104	3.9	0
116.144	3.9	0
116.183	3.9	0
116.222	3.9	0
116.260	3.9	0
116.299	3.9	0
116.337	3.9	0
116.375	3.9	0
116.413	3.9	0
116.451	3.9	0
116.488	3.9	0
116.526	3.9	0
116.563	3.9	0
116.600	3.9	0
116.636	3.9	0
116.673	3.9	0
116.709	4	0
116.745	4	0
116.781	4	0
116.817	4	0
116.852	4	0
116.888	4	0
116.923	4	0
116.958	4	0
116.993	4	0
117.027	4	0
117.062	4	0
117.096	4	0
117.130	4	0
117.164	4	0
117.197	4	0
117.231	4	0
117.264	4	0
117.297	4	0
117.330	4	0
117.362	4	0
117.395	4.1	0
117.427	4.1	0
117.459	4.1	0
117.491	4.1	0
117.523	4.1	0
117.555	4.1	0
117.586	4.1	0
117.617	4.1	0
117.648	4.1	0
117.679	4.1	0
117.709	4.1	0
117.740	4.1	0
117.770	4.1	0
117.800	4.1	0
117.830	4.1	0
117.860	4.1	0
117.889	4.1	0
117.919	4.1	0
117.948	4.1	0
117.977	4.1	0
118.006	4.2	0
118.034	4.2	0
118.063	4.2	0
118.091	4.2	0
118.119	4.2	0
118.147	4.2	0
118.175	4.2	0
118.202	4.2	0
118.229	4.2	0
118.257	4.2	0
118.284	4.2	0
118.310	4.2	0
118.337	4.2	0
118.364	4.2	0
118.390	4.2	0
118.416	4.2	0
118.442	4.2	0
118.468	4.2	0
118.493	4.2	0
118.519	4.2	0
118.544	4.2	0
118.569	4.3	0
118.594	4.3	0
118.619	4.3	0
118.643	4.3	0
118.668	4.3	0
118.692	4.3	0
118.716	4.3	0
118.740	4.3	0
118.763	4.3	0
118.787	4.3	0
118.810	4.3	0
118.833	4.3	0
118.856	4.3	0
118.879	4.3	0
118.902	4.3	0
118.924	4.3	0
118.947	4.3	0
118.969	4.3	0
118.991	4.3	0
119.013	4.3	0
119.034	4.4	0
119.056	4.4	0
119.077	4.4	0
119.098	4.4	0
119.119	4.4	0
119.140	4.4	0
119.161	4.4	0
119.181	4.4	0
119.202	4.4	0
119.222	4.4	0
119.242	4.4	0
119.261	4.4	0
119.281	4.4	0
119.301	4.4	0
119.320	4.4	0
119.339	4.4	0
119.358	4.4	0
119.377	4.4	0
119.396	4.4	0
119.414	4.4	0
119.432	4.4	0
119.451	4.5	0
119.469	4.5	0
119.487	4.5	0
119.504	4.5	0
119.522	4.5	0
119.539	4.5	0
119.556	4.5	0
119.573	4.5	0
119.590	4.5	0
119.607	4.5	0
119.623	4.5	0
119.640	4.5	0
119.656	4.5	0
119.672	4.5	0
119.688	4.5	0
119.704	4.5	0
119.719	4.5	0
119.735	4.5	0
119.750	4.5	0
119.765	4.5	0
119.780	4.5	0
119.795	4.5	0
119.810	4.6	0
119.824	4.6	0
119.839	4.6	0
119.853	4.6	0
119.867	4.6	0
119.881	4.6	0
119.894	4.6	0
119.908	4.6	0
119.921	4.6	0
119.935	4.6	0
119.948	4.6	0
119.961	4.6	0
119.974	4.6	0
119.986	4.6	0
119.999	4.6	0
120.011	4.6	0
120.023	4.6	0
120.035	4.6	0
120.047	4.6	0
120.059	4.6	0
120.070	4.6	0
120.082	4.7	0
120.093	4.7	0
120.104	4.7	0
120.115	4.7	0
120.126	4.7	0
120.136	4.7	0
120.147	4.7	0
120.157	4.7	0
120.167	4.7	0
120.177	4.7	0
120.187	4.7	0
120.197	4.7	0
120.206	4.7	0
120.216	4.7	0
120.225	4.7	0
120.234	4.7	0
120.243	4.7	0
120.252	4.7	0
120.261	4.7	0
120.269	4.7	0
120.278	4.7	0
120.286	4.7	0
120.294	4.8	0
120.302	4.8	0
120.310	4.8	0
120.317	4.8	0
120.325	4.8	0
120.332	4.8	0
120.339	4.8	0
120.346	4.8	0
120.353	4.8	0
120.360	4.8	0
120.367	4.8	0
120.373	4.8	0
120.379	4.8	0
120.386	4.8	0
120.392	4.8	0
120.397	4.8	0
120.403	4.8	0
120.409	4.8	0
120.414	4.8	0
120.419	4.8	0
120.425	4.8	0
120.430	4.8	0
120.435	4.8	0
120.439	4.9	0
120.444	4.9	0
120.448	4.9	0
120.452	4.9	0
120.457	4.9	0
120.461	4.9	0
120.464	4.9	0
120.468	4.9	0
120.472	4.9	0
120.475	4.9	0
120.478	4.9	0
120.481	4.9	0
120.484	4.9	0
120.487	4.9	0
120.490	4.9	0
120.493	4.9	0
120.495	4.9	0
120.497	4.9	0
120.499	4.9	0
120.501	4.9	0
120.503	4.9	0
120.505	4.9	0
120.506	5	0
120.508	5	0
120.509	5	0
120.510	5	0
120.511	5	0
120.512	5	0
120.513	5	0
120.513	5	0
120.514	5	0
120.514	5	0
120.514	5	0
