0.000	0	18
96.223	0.1	15
184.029	0.2	12
258.944	0.4	11
324.162	0.5	9
381.852	0.6	8
433.495	0.7	7
480.222	0.8	7
522.848	0.9	6
562.019	1	6
598.230	1.1	5
631.894	1.1	5
663.322	1.2	5
692.799	1.3	4
720.536	1.4	4
746.729	1.5	4
771.532	1.6	4
795.083	1.6	4
817.500	1.7	3
838.880	1.8	3
859.317	1.9	3
878.885	1.9	3
897.656	2	3
915.691	2.1	3
933.042	2.1	3
949.758	2.2	3
965.883	2.3	3
981.457	2.3	2
996.518	2.4	2
1011.092	2.5	2
1025.214	2.5	2
1038.907	2.6	2
1052.200	2.7	2
1065.109	2.7	2
1077.661	2.8	2
1089.872	2.9	2
1101.760	2.9	2
1113.342	3	2
1124.631	3	2
1135.643	3.1	2
1146.390	3.2	2
1156.885	3.2	2
1167.139	3.3	2
1177.163	3.3	2
1186.965	3.4	2
1196.556	3.4	2
1205.946	3.5	2
1215.139	3.6	2
1224.148	3.6	2
1232.975	3.7	2
1241.631	3.7	1
1250.120	3.8	1
1258.449	3.8	1
1266.625	3.9	1
1274.651	3.9	1
1282.533	4	1
1290.278	4	1
1297.888	4.1	1
1305.369	4.1	1
1312.725	4.2	1
1319.958	4.2	1
1327.075	4.3	1
1334.078	4.3	1
1340.970	4.4	1
1347.756	4.4	1
1354.437	4.5	1
1361.018	4.5	1
1367.501	4.6	1
1373.889	4.6	1
1380.185	4.7	1
1386.391	4.7	1
1392.509	4.8	1
1398.543	4.8	1
1404.494	4.9	1
1410.364	4.9	1
1416.155	5	1
1421.871	5	1
1427.511	5.1	1
1433.079	5.1	1
1438.577	5.1	1
1444.004	5.2	1
1449.365	5.2	1
1454.659	5.3	1
1459.889	5.3	1
1465.056	5.4	1
1470.162	5.4	1
1475.208	5.5	1
1480.194	5.5	1
1485.124	5.5	1
1489.997	5.6	1
1494.815	5.6	1
1499.580	5.7	1
1504.292	5.7	1
1508.952	5.8	1
1513.562	5.8	1
1518.123	5.8	1
1522.635	5.9	1
1527.100	5.9	1
1531.518	6	1
1535.890	6	1
1540.218	6.1	1
1544.502	6.1	1
1548.744	6.1	1
1552.942	6.2	1
1557.099	6.2	1
1561.216	6.3	1
1565.293	6.3	1
1569.330	6.3	1
1573.330	6.4	1
1577.291	6.4	1
1581.215	6.5	1
1585.103	6.5	1
1588.955	6.5	1
1592.772	6.6	1
1596.554	6.6	1
1600.302	6.7	1
1604.017	6.7	1
1607.698	6.7	1
1611.347	6.8	1
1614.965	6.8	1
1618.551	6.9	1
1622.106	6.9	1
1625.631	6.9	1
1629.126	7	1
1632.592	7	1
1636.028	7	1
1639.436	7.1	1
1642.817	7.1	1
1646.169	7.2	1
1649.494	7.2	1
1652.792	7.2	1
1656.065	7.3	1
1659.310	7.3	1
1662.531	7.3	1
1665.725	7.4	1
1668.896	7.4	1
1672.041	7.5	1
1675.162	7.5	1
1678.259	7.5	1
1681.333	7.6	1
1684.383	7.6	1
1687.411	7.6	1
1690.415	7.7	1
1693.398	7.7	1
1696.358	7.7	1
1699.297	7.8	1
1702.214	7.8	1
1705.110	7.9	1
1707.985	7.9	1
1710.840	7.9	1
1713.674	8	1
1716.488	8	1
1719.282	8	1
1722.057	8.1	1
1724.812	8.1	1
1727.548	8.1	1
1730.265	8.2	1
1732.963	8.2	1
1735.643	8.2	1
1738.305	8.3	1
1740.949	8.3	1
1743.575	8.3	1
1746.183	8.4	1
1748.774	8.4	1
1751.348	8.4	1
1753.904	8.5	1
1756.444	8.5	1
1758.968	8.5	1
1761.475	8.6	1
1763.965	8.6	1
1766.440	8.6	1
1768.899	8.7	1
1771.341	8.7	1
1773.769	8.7	1
1776.181	8.8	1
1778.578	8.8	1
1780.959	8.8	1
1783.326	8.9	1
1785.678	8.9	1
1788.016	8.9	1
1790.339	9	1
1792.648	9	1
1794.943	9	1
1797.223	9.1	1
1799.490	9.1	1
1801.743	9.1	1
1803.983	9.2	1
1806.209	9.2	1
1808.422	9.2	1
1810.621	9.3	1
1812.808	9.3	1
1814.981	9.3	1
1817.142	9.4	1
1819.290	9.4	1
1821.426	9.4	1
1823.549	9.5	1
1825.660	9.5	1
1827.759	9.5	1
1829.845	9.6	1
1831.920	9.6	1
1833.982	9.6	1
1836.033	9.7	1
1838.072	9.7	1
1840.100	9.7	1
1842.116	9.7	1
1844.121	9.8	1
1846.115	9.8	1
1848.097	9.8	1
1850.069	9.9	1
1852.029	9.9	1
1853.979	9.9	1
1855.917	10	1
1857.845	10	1
1859.763	10	1
1861.670	10.1	1
1863.567	10.1	1
1865.453	10.1	1
1867.329	10.1	1
1869.195	10.2	1
1871.051	10.2	1
1872.896	10.2	1
1874.732	10.3	1
1876.558	10.3	1
1878.375	10.3	1
1880.181	10.4	1
1881.978	10.4	1
1883.766	10.4	1
1885.544	10.4	1
1887.313	10.5	1
1889.072	10.5	1
1890.822	10.5	1
1892.563	10.6	1
1894.295	10.6	1
1896.018	10.6	1
1897.732	10.7	1
1899.437	10.7	1
1901.133	10.7	1
1902.821	10.7	1
1904.499	10.8	1
1906.170	10.8	1
1907.831	10.8	1
1909.484	10.9	1
1911.129	10.9	1
1912.765	10.9	1
1914.393	10.9	1
1916.013	11	1
1917.624	11	1
1919.227	11	1
1920.823	11.1	1
1922.410	11.1	1
1923.989	11.1	1
1925.561	11.2	0
1927.124	11.2	0
1928.680	11.2	0
1930.227	11.2	0
1931.767	11.3	0
1933.300	11.3	0
1934.825	11.3	0
1936.342	11.4	0
1937.852	11.4	0
1939.354	11.4	0
1940.849	11.4	0
1942.337	11.5	0
1943.817	11.5	0
1945.290	11.5	0
1946.756	11.6	0
1948.214	11.6	0
1949.666	11.6	0
1951.110	11.6	0
1952.548	11.7	0
1953.978	11.7	0
1955.401	11.7	0
1956.818	11.7	0
1958.227	11.8	0
1959.630	11.8	0
1961.026	11.8	0
1962.415	11.9	0
1963.798	11.9	0
1965.174	11.9	0
1966.543	11.9	0
1967.906	12	0
1969.262	12	0
1970.611	12	0
1971.955	12.1	0
1973.291	12.1	0
1974.622	12.1	0
1975.945	12.1	0
1977.263	12.2	0
1978.575	12.2	0
1979.880	12.2	0
1981.178	12.2	0
1982.471	12.3	0
1983.758	12.3	0
1985.038	12.3	0
1986.312	12.4	0
1987.581	12.4	0
1988.843	12.4	0
1990.099	12.4	0
1991.350	12.5	0
1992.594	12.5	0
1993.833	12.5	0
1995.065	12.5	0
1996.292	12.6	0
1997.513	12.6	0
1998.729	12.6	0
1999.938	12.6	0
2001.142	12.7	0
2002.340	12.7	0
2003.533	12.7	0
2004.720	12.8	0
2005.901	12.8	0
2007.077	12.8	0
2008.247	12.8	0
2009.412	12.9	0
2010.572	12.9	0
2011.725	12.9	0
2012.874	12.9	0
2014.017	13	0
2015.155	13	0
2016.287	13	0
2017.414	13	0
2018.536	13.1	0
2019.652	13.1	0
2020.764	13.1	0
2021.870	13.2	0
2022.971	13.2	0
2024.066	13.2	0
2025.157	13.2	0
2026.242	13.3	0
2027.323	13.3	0
2028.398	13.3	0
2029.468	13.3	0
2030.533	13.4	0
2031.594	13.4	0
2032.649	13.4	0
2033.699	13.4	0
2034.745	13.5	0
2035.785	13.5	0
2036.821	13.5	0
2037.851	13.5	0
2038.877	13.6	0
2039.898	13.6	0
2040.914	13.6	0
2041.926	13.6	0
2042.933	13.7	0
2043.935	13.7	0
2044.932	13.7	0
2045.924	13.7	0
2046.912	13.8	0
2047.895	13.8	0
2048.874	13.8	0
2049.848	13.8	0
2050.817	13.9	0
2051.782	13.9	0
2052.742	13.9	0
2053.698	13.9	0
2054.649	14	0
2055.596	14	0
2056.538	14	0
2057.476	14	0
2058.409	14.1	0
2059.338	14.1	0
2060.262	14.1	0
2061.182	14.2	0
2062.098	14.2	0
2063.009	14.2	0
2063.916	14.2	0
2064.818	14.3	0
2065.717	14.3	0
2066.611	14.3	0
2067.500	14.3	0
2068.386	14.4	0
2069.267	14.4	0
2070.144	14.4	0
2071.017	14.4	0
2071.885	14.4	0
2072.749	14.5	0
2073.610	14.5	0
2074.466	14.5	0
2075.318	14.5	0
2076.165	14.6	0
2077.009	14.6	0
2077.849	14.6	0
2078.684	14.6	0
2079.516	14.7	0
2080.343	14.7	0
2081.166	14.7	0
2081.986	14.7	0
2082.801	14.8	0
2083.612	14.8	0
2084.420	14.8	0
2085.223	14.8	0
2086.023	14.9	0
2086.818	14.9	0
2087.610	14.9	0
2088.398	14.9	0
2089.182	15	0
2089.962	15	0
2090.738	15	0
2091.510	15	0
2092.278	15.1	0
2093.043	15.1	0
2093.804	15.1	0
2094.560	15.1	0
2095.314	15.2	0
2096.063	15.2	0
2096.809	15.2	0
2097.551	15.2	0
2098.289	15.3	0
2099.023	15.3	0
2099.754	15.3	0
2100.481	15.3	0
2101.204	15.4	0
2101.924	15.4	0
2102.640	15.4	0
2103.352	15.4	0
2104.061	15.4	0
2104.765	15.5	0
2105.467	15.5	0
2106.165	15.5	0
2106.859	15.5	0
2107.549	15.6	0
2108.236	15.6	0
2108.920	15.6	0
2109.600	15.6	0
2110.276	15.7	0
2110.949	15.7	0
2111.618	15.7	0
2112.284	15.7	0
2112.946	15.8	0
2113.605	15.8	0
2114.260	15.8	0
2114.912	15.8	0
2115.560	15.9	0
2116.205	15.9	0
2116.847	15.9	0
2117.485	15.9	0
2118.119	15.9	0
2118.751	16	0
2119.378	16	0
2120.003	16	0
2120.624	16	0
2121.241	16.1	0
2121.856	16.1	0
2122.466	16.1	0
2123.074	16.1	0
2123.678	16.2	0
2124.279	16.2	0
2124.877	16.2	0
2125.471	16.2	0
2126.062	16.3	0
2126.650	16.3	0
2127.234	16.3	0
2127.815	16.3	0
2128.393	16.3	0
2128.968	16.4	0
2129.539	16.4	0
2130.107	16.4	0
2130.672	16.4	0
2131.234	16.5	0
2131.792	16.5	0
2132.347	16.5	0
2132.899	16.5	0
2133.448	16.6	0
2133.994	16.6	0
2134.536	16.6	0
2135.076	16.6	0
2135.612	16.6	0
2136.145	16.7	0
2136.675	16.7	0
2137.202	16.7	0
2137.725	16.7	0
2138.246	16.8	0
2138.763	16.8	0
2139.277	16.8	0
2139.789	16.8	0
2140.297	16.9	0
2140.802	16.9	0
2141.304	16.9	0
2141.803	16.9	0
2142.298	16.9	0
2142.791	17	0
2143.281	17	0
2143.768	17	0
2144.251	17	0
2144.732	17.1	0
2145.210	17.1	0
2145.684	17.1	0
2146.156	17.1	0
2146.625	17.2	0
2147.090	17.2	0
2147.553	17.2	0
2148.013	17.2	0
2148.469	17.2	0
2148.923	17.3	0
2149.374	17.3	0
2149.822	17.3	0
2150.267	17.3	0
2150.709	17.4	0
2151.148	17.4	0
2151.584	17.4	0
2152.017	17.4	0
2152.447	17.4	0
2152.875	17.5	0
2153.299	17.5	0
2153.721	17.5	0
2154.140	17.5	0
2154.556	17.6	0
2154.969	17.6	0
2155.379	17.6	0
2155.786	17.6	0
2156.190	17.6	0
2156.592	17.7	0
2156.991	17.7	0
2157.387	17.7	0
2157.780	17.7	0
2158.170	17.8	0
2158.557	17.8	0
2158.942	17.8	0
2159.324	17.8	0
2159.703	17.8	0
2160.079	17.9	0
2160.453	17.9	0
2160.823	17.9	0
2161.191	17.9	0
2161.556	18	0
2161.919	18	0
2162.278	18	0
2162.635	18	0
2162.989	18.1	1
2163.340	18.1	1
2163.689	18.1	1
2164.035	18.1	1
2164.378	18.1	1
2164.718	18.2	1
2165.056	18.2	1
2165.391	18.2	1
2165.723	18.2	1
2166.053	18.3	1
2166.380	18.3	1
2166.704	18.3	1
2167.025	18.3	1
2167.344	18.3	1
2167.660	18.4	1
2167.974	18.4	1
2168.284	18.4	1
2168.593	18.4	1
2168.898	18.5	1
2169.201	18.5	1
2169.501	18.5	1
2169.798	18.5	1
2170.093	18.5	1
2170.385	18.6	1
2170.675	18.6	1
2170.962	18.6	1
2171.246	18.6	1
2171.528	18.6	1
2171.807	18.7	1
2172.084	18.7	1
2172.358	18.7	1
2172.629	18.7	1
2172.898	18.8	1
2173.164	18.8	1
2173.427	18.8	1
2173.688	18.8	1
2173.947	18.8	1
2174.203	18.9	1
2174.456	18.9	1
2174.706	18.9	1
2174.955	18.9	1
2175.200	19	1
2175.443	19	1
2175.684	19	1
2175.922	19	1
2176.157	19	1
2176.390	19.1	1
2176.620	19.1	1
2176.848	19.1	1
2177.073	19.1	1
2177.296	19.1	1
2177.516	19.2	1
2177.734	19.2	1
2177.949	19.2	1
2178.162	19.2	1
2178.372	19.3	1
2178.580	19.3	1
2178.785	19.3	1
2178.988	19.3	1
2179.188	19.3	1
2179.386	19.4	1
2179.581	19.4	1
2179.774	19.4	1
2179.965	19.4	1
2180.152	19.4	1
2180.338	19.5	1
2180.521	19.5	1
2180.702	19.5	1
2180.880	19.5	1
2181.055	19.6	1
2181.228	19.6	1
2181.399	19.6	1
2181.568	19.6	1
2181.734	19.6	1
2181.897	19.7	1
2182.058	19.7	1
2182.217	19.7	1
2182.373	19.7	1
2182.527	19.7	1
2182.678	19.8	1
2182.827	19.8	1
2182.974	19.8	1
2183.118	19.8	1
2183.260	19.9	1
2183.399	19.9	1
2183.536	19.9	1
2183.671	19.9	1
2183.803	19.9	1
2183.933	20	1
2184.060	20	1
2184.185	20	1
2184.308	20	1
2184.429	20	1
2184.547	20.1	1
2184.662	20.1	1
2184.776	20.1	1
2184.886	20.1	1
2184.995	20.1	1
2185.101	20.2	1
2185.205	20.2	1
2185.307	20.2	1
2185.406	20.2	1
2185.503	20.2	1
2185.597	20.3	1
2185.690	20.3	1
2185.779	20.3	1
2185.867	20.3	1
2185.952	20.4	1
2186.035	20.4	1
2186.116	20.4	1
2186.194	20.4	1
2186.270	20.4	1
2186.344	20.5	1
2186.415	20.5	1
2186.484	20.5	1
2186.551	20.5	1
2186.615	20.5	1
2186.678	20.6	1
2186.738	20.6	1
2186.795	20.6	1
2186.851	20.6	1
2186.904	20.6	1
2186.954	20.7	1
2187.003	20.7	1
2187.049	20.7	1
2187.093	20.7	1
2187.135	20.7	1
2187.174	20.8	1
2187.211	20.8	1
2187.246	20.8	1
2187.279	20.8	1
2187.309	20.9	1
2187.337	20.9	1
2187.363	20.9	1
2187.387	20.9	1
2187.408	20.9	1
2187.427	21	1
2187.444	21	1
2187.459	21	1
2187.472	21	1
2187.482	21	1
2187.490	21.1	1
2187.496	21.1	1
2187.499	21.1	1
