0.000	0	52
78.166	0.1	49
159.070	0.2	46
235.218	0.3	43
307.094	0.4	41
375.222	0.5	39
439.856	0.6	37
501.385	0.7	35
560.062	0.8	33
616.127	0.9	32
669.794	1	30
721.258	1.1	29
770.659	1.2	28
818.183	1.3	27
863.932	1.4	26
908.048	1.5	25
950.635	1.6	24
991.788	1.7	23
1031.596	1.8	23
1070.142	1.9	22
1107.501	2	21
1143.745	2.1	21
1178.928	2.1	20
1213.113	2.2	20
1246.354	2.3	19
1278.698	2.4	19
1310.188	2.5	18
1340.871	2.5	18
1370.786	2.6	17
1399.966	2.7	17
1428.444	2.8	16
1456.255	2.9	16
1483.427	2.9	16
1509.987	3	15
1535.962	3.1	15
1561.378	3.2	15
1586.258	3.3	15
1610.619	3.3	14
1634.485	3.4	14
1657.875	3.5	14
1680.805	3.6	13
1703.295	3.6	13
1725.360	3.7	13
1747.012	3.8	13
1768.271	3.9	13
1789.149	3.9	12
1809.656	4	12
1829.807	4.1	12
1849.614	4.1	12
1869.087	4.2	12
1888.238	4.3	11
1907.077	4.4	11
1925.613	4.4	11
1943.855	4.5	11
1961.814	4.6	11
1979.496	4.6	11
1996.911	4.7	10
2014.064	4.8	10
2030.965	4.8	10
2047.621	4.9	10
2064.038	5	10
2080.222	5	10
2096.181	5.1	10
2111.919	5.2	10
2127.445	5.2	9
2142.760	5.3	9
2157.874	5.4	9
2172.788	5.4	9
2187.512	5.5	9
2202.044	5.6	9
2216.395	5.6	9
2230.567	5.7	9
2244.562	5.7	9
2258.388	5.8	9
2272.047	5.9	8
2285.543	5.9	8
2298.879	6	8
2312.060	6.1	8
2325.089	6.1	8
2337.970	6.2	8
2350.705	6.2	8
2363.297	6.3	8
2375.751	6.4	8
2388.068	6.4	8
2400.251	6.5	8
2412.304	6.5	8
2424.229	6.6	7
2436.028	6.7	7
2447.705	6.7	7
2459.261	6.8	7
2470.699	6.8	7
2482.022	6.9	7
2493.231	6.9	7
2504.328	7	7
2515.317	7.1	7
2526.198	7.1	7
2536.975	7.2	7
2547.647	7.2	7
2558.219	7.3	7
2568.692	7.4	7
2579.066	7.4	7
2589.344	7.5	7
2599.529	7.5	7
2609.620	7.6	6
2619.622	7.6	6
2629.533	7.7	6
2639.356	7.7	6
2649.093	7.8	6
2658.745	7.9	6
2668.314	7.9	6
2677.800	8	6
2687.206	8	6
2696.532	8.1	6
2705.779	8.1	6
2714.950	8.2	6
2724.045	8.2	6
2733.065	8.3	6
2742.013	8.3	6
2750.887	8.4	6
2759.690	8.4	6
2768.424	8.5	6
2777.088	8.6	6
2785.684	8.6	6
2794.214	8.7	6
2802.677	8.7	6
2811.075	8.8	6
2819.409	8.8	6
2827.680	8.9	6
2835.889	8.9	6
2844.036	9	5
2852.122	9	5
2860.149	9.1	5
2868.117	9.1	5
2876.027	9.2	5
2883.880	9.2	5
2891.677	9.3	5
2899.417	9.3	5
2907.103	9.4	5
2914.735	9.4	5
2922.312	9.5	5
2929.838	9.5	5
2937.310	9.6	5
2944.732	9.6	5
2952.103	9.7	5
2959.423	9.7	5
2966.694	9.8	5
2973.916	9.8	5
2981.090	9.9	5
2988.216	9.9	5
2995.295	10	5
3002.327	10	5
3009.314	10.1	5
3016.255	10.1	5
3023.151	10.2	5
3030.003	10.2	5
3036.811	10.3	5
3043.576	10.3	5
3050.298	10.4	5
3056.978	10.4	5
3063.616	10.5	5
3070.213	10.5	5
3076.769	10.6	5
3083.284	10.6	5
3089.760	10.7	5
3096.196	10.7	5
3102.593	10.7	5
3108.952	10.8	5
3115.272	10.8	5
3121.555	10.9	5
3127.800	10.9	5
3134.008	11	4
3140.180	11	4
3146.315	11.1	4
3152.415	11.1	4
3158.479	11.2	4
3164.508	11.2	4
3170.503	11.3	4
3176.463	11.3	4
3182.390	11.4	4
3188.283	11.4	4
3194.142	11.4	4
3199.969	11.5	4
3205.762	11.5	4
3211.524	11.6	4
3217.254	11.6	4
3222.952	11.7	4
3228.618	11.7	4
3234.254	11.8	4
3239.859	11.8	4
3245.434	11.9	4
3250.978	11.9	4
3256.492	11.9	4
3261.977	12	4
3267.433	12	4
3272.860	12.1	4
3278.258	12.1	4
3283.627	12.2	4
3288.968	12.2	4
3294.281	12.3	4
3299.567	12.3	4
3304.825	12.3	4
3310.056	12.4	4
3315.260	12.4	4
3320.437	12.5	4
3325.588	12.5	4
3330.712	12.6	4
3335.810	12.6	4
3340.883	12.7	4
3345.930	12.7	4
3350.952	12.7	4
3355.948	12.8	4
3360.920	12.8	4
3365.867	12.9	4
3370.789	12.9	4
3375.687	13	4
3380.561	13	4
3385.412	13	4
3390.238	13.1	4
3395.041	13.1	4
3399.821	13.2	4
3404.578	13.2	4
3409.311	13.3	4
3414.022	13.3	4
3418.710	13.3	4
3423.376	13.4	4
3428.020	13.4	4
3432.642	13.5	4
3437.241	13.5	4
3441.820	13.5	4
3446.376	13.6	4
3450.912	13.6	4
3455.426	13.7	4
3459.919	13.7	4
3464.391	13.8	4
3468.843	13.8	4
3473.274	13.8	4
3477.684	13.9	4
3482.074	13.9	4
3486.445	14	4
3490.795	14	4
3495.126	14	4
3499.437	14.1	4
3503.728	14.1	4
3508.000	14.2	4
3512.253	14.2	4
3516.486	14.3	4
3520.701	14.3	4
3524.897	14.3	4
3529.074	14.4	4
3533.233	14.4	4
3537.373	14.5	4
3541.495	14.5	4
3545.599	14.5	4
3549.684	14.6	4
3553.752	14.6	4
3557.802	14.7	4
3561.834	14.7	4
3565.849	14.7	4
3569.846	14.8	4
3573.826	14.8	4
3577.789	14.9	4
3581.735	14.9	4
3585.663	14.9	4
3589.575	15	4
3593.470	15	4
3597.349	15.1	4
3601.211	15.1	4
3605.056	15.1	3
3608.885	15.2	3
3612.698	15.2	3
3616.495	15.3	3
3620.275	15.3	3
3624.040	15.3	3
3627.789	15.4	3
3631.522	15.4	3
3635.240	15.5	3
3638.942	15.5	3
3642.629	15.5	3
3646.300	15.6	3
3649.956	15.6	3
3653.597	15.7	3
3657.223	15.7	3
3660.834	15.7	3
3664.430	15.8	3
3668.011	15.8	3
3671.578	15.8	3
3675.129	15.9	3
3678.667	15.9	3
3682.190	16	3
3685.698	16	3
3689.192	16	3
3692.672	16.1	3
3696.138	16.1	3
3699.590	16.2	3
3703.028	16.2	3
3706.452	16.2	3
3709.863	16.3	3
3713.259	16.3	3
3716.642	16.3	3
3720.011	16.4	3
3723.367	16.4	3
3726.709	16.5	3
3730.038	16.5	3
3733.354	16.5	3
3736.657	16.6	3
3739.946	16.6	3
3743.222	16.6	3
3746.486	16.7	3
3749.736	16.7	3
3752.974	16.8	3
3756.199	16.8	3
3759.411	16.8	3
3762.610	16.9	3
3765.797	16.9	3
3768.971	16.9	3
3772.133	17	3
3775.282	17	3
3778.420	17.1	3
3781.544	17.1	3
3784.657	17.1	3
3787.757	17.2	3
3790.846	17.2	3
3793.922	17.2	3
3796.987	17.3	3
3800.039	17.3	3
3803.080	17.4	3
3806.109	17.4	3
3809.126	17.4	3
3812.131	17.5	3
3815.125	17.5	3
3818.107	17.5	3
3821.078	17.6	3
3824.037	17.6	3
3826.985	17.7	3
3829.922	17.7	3
3832.847	17.7	3
3835.761	17.8	3
3838.664	17.8	3
3841.556	17.8	3
3844.437	17.9	3
3847.306	17.9	3
3850.165	18	3
3853.013	18	3
3855.850	18	3
3858.676	18.1	3
3861.491	18.1	3
3864.295	18.1	3
3867.089	18.2	3
3869.872	18.2	3
3872.645	18.2	3
3875.407	18.3	3
3878.159	18.3	3
3880.900	18.4	3
3883.630	18.4	3
3886.351	18.4	3
3889.061	18.5	3
3891.761	18.5	3
3894.450	18.5	3
3897.129	18.6	3
3899.799	18.6	3
3902.458	18.6	3
3905.107	18.7	3
3907.746	18.7	3
3910.375	18.7	3
3912.994	18.8	3
3915.603	18.8	3
3918.203	18.9	3
3920.792	18.9	3
3923.372	18.9	3
3925.942	19	3
3928.503	19	3
3931.053	19	3
3933.595	19.1	3
3936.126	19.1	3
3938.648	19.1	3
3941.161	19.2	3
3943.664	19.2	3
3946.158	19.2	3
3948.642	19.3	3
3951.117	19.3	3
3953.582	19.3	3
3956.039	19.4	3
3958.486	19.4	3
3960.924	19.4	3
3963.352	19.5	3
3965.772	19.5	3
3968.182	19.6	3
3970.584	19.6	3
3972.976	19.6	3
3975.360	19.7	3
3977.734	19.7	3
3980.099	19.7	3
3982.456	19.8	3
3984.804	19.8	3
3987.143	19.8	3
3989.473	19.9	3
3991.794	19.9	3
3994.106	19.9	3
3996.410	20	3
3998.705	20	3
4000.992	20	3
4003.270	20.1	3
4005.539	20.1	3
4007.800	20.1	3
4010.052	20.2	3
4012.296	20.2	3
4014.531	20.2	3
4016.758	20.3	3
4018.976	20.3	3
4021.186	20.3	3
4023.388	20.4	3
4025.581	20.4	3
4027.766	20.4	3
4029.943	20.5	3
4032.111	20.5	3
4034.272	20.5	3
4036.424	20.6	3
4038.568	20.6	3
4040.704	20.6	3
4042.831	20.7	3
4044.951	20.7	3
4047.062	20.8	3
4049.166	20.8	3
4051.261	20.8	3
4053.349	20.9	3
4055.429	20.9	3
4057.500	20.9	3
4059.564	21	3
4061.620	21	3
4063.668	21	3
4065.708	21.1	3
4067.741	21.1	3
4069.765	21.1	3
4071.782	21.2	3
4073.791	21.2	3
4075.793	21.2	3
4077.786	21.3	3
4079.772	21.3	3
4081.751	21.3	3
4083.722	21.4	3
4085.685	21.4	3
4087.641	21.4	3
4089.589	21.5	3
4091.529	21.5	3
4093.462	21.5	3
4095.388	21.6	3
4097.306	21.6	3
4099.217	21.6	3
4101.120	21.7	3
4103.016	21.7	3
4104.904	21.7	3
4106.785	21.8	3
4108.659	21.8	3
4110.526	21.8	3
4112.385	21.8	3
4114.237	21.9	3
4116.082	21.9	3
4117.919	21.9	3
4119.749	22	3
4121.572	22	3
4123.388	22	3
4125.197	22.1	3
4126.998	22.1	3
4128.793	22.1	3
4130.580	22.2	3
4132.361	22.2	3
4134.134	22.2	3
4135.900	22.3	3
4137.659	22.3	3
4139.411	22.3	3
4141.156	22.4	3
4142.895	22.4	3
4144.626	22.4	3
4146.350	22.5	3
4148.068	22.5	3
4149.778	22.5	3
4151.482	22.6	3
4153.179	22.6	3
4154.869	22.6	3
4156.552	22.7	3
4158.228	22.7	3
4159.898	22.7	3
4161.560	22.8	3
4163.216	22.8	3
4164.866	22.8	3
4166.508	22.9	3
4168.144	22.9	3
4169.773	22.9	3
4171.396	23	3
4173.011	23	3
4174.621	23	3
4176.223	23	3
4177.819	23.1	3
4179.408	23.1	3
4180.991	23.1	3
4182.567	23.2	3
4184.137	23.2	3
4185.700	23.2	3
4187.257	23.3	3
4188.807	23.3	3
4190.350	23.3	3
4191.887	23.4	3
4193.418	23.4	3
4194.942	23.4	3
4196.460	23.5	3
4197.971	23.5	3
4199.476	23.5	3
4200.975	23.6	3
4202.467	23.6	3
4203.953	23.6	3
4205.433	23.7	3
4206.906	23.7	3
4208.373	23.7	3
4209.833	23.7	3
4211.288	23.8	3
4212.735	23.8	3
4214.177	23.8	3
4215.613	23.9	3
4217.042	23.9	3
4218.465	23.9	3
4219.882	24	3
4221.292	24	3
4222.697	24	3
4224.095	24.1	3
4225.487	24.1	3
4226.873	24.1	3
4228.253	24.2	3
4229.627	24.2	3
4230.994	24.2	3
4232.356	24.3	3
4233.711	24.3	3
4235.060	24.3	3
4236.404	24.3	3
4237.741	24.4	3
4239.072	24.4	3
4240.397	24.4	3
4241.717	24.5	3
4243.030	24.5	3
4244.337	24.5	3
4245.638	24.6	3
4246.933	24.6	3
4248.223	24.6	3
4249.506	24.7	3
4250.783	24.7	3
4252.055	24.7	3
4253.320	24.7	3
4254.580	24.8	3
4255.834	24.8	3
4257.082	24.8	3
4258.324	24.9	3
4259.560	24.9	3
4260.790	24.9	3
4262.015	25	3
4263.234	25	3
4264.447	25	3
4265.654	25.1	3
4266.855	25.1	3
4268.050	25.1	3
4269.240	25.1	3
4270.424	25.2	3
4271.602	25.2	3
4272.775	25.2	3
4273.942	25.3	3
4275.103	25.3	3
4276.258	25.3	3
4277.408	25.4	3
4278.552	25.4	3
4279.690	25.4	3
4280.823	25.5	3
4281.950	25.5	3
4283.071	25.5	3
4284.187	25.5	3
4285.297	25.6	3
4286.401	25.6	3
4287.500	25.6	3
4288.593	25.7	3
4289.681	25.7	3
4290.763	25.7	3
4291.839	25.8	3
4292.910	25.8	3
4293.975	25.8	3
4295.035	25.8	3
4296.089	25.9	3
4297.138	25.9	3
4298.181	25.9	3
4299.219	26	3
4300.251	26	3
4301.277	26	3
4302.298	26.1	3
4303.314	26.1	3
4304.324	26.1	3
4305.329	26.1	3
4306.328	26.2	3
4307.322	26.2	3
4308.311	26.2	3
4309.294	26.3	3
4310.271	26.3	3
4311.243	26.3	3
4312.210	26.4	3
4313.171	26.4	3
4314.127	26.4	3
4315.078	26.4	3
4316.023	26.5	3
4316.963	26.5	3
4317.897	26.5	3
4318.826	26.6	3
4319.750	26.6	3
4320.668	26.6	3
4321.581	26.7	3
4322.489	26.7	3
4323.392	26.7	3
4324.289	26.7	3
4325.181	26.8	3
4326.067	26.8	3
4326.948	26.8	3
4327.824	26.9	3
4328.695	26.9	3
4329.561	26.9	3
4330.421	27	3
4331.276	27	3
4332.125	27	3
4332.970	27	3
4333.809	27.1	3
4334.643	27.1	3
4335.472	27.1	3
4336.296	27.2	3
4337.114	27.2	3
4337.927	27.2	3
4338.735	27.3	3
4339.538	27.3	3
4340.336	27.3	3
4341.128	27.3	3
4341.916	27.4	3
4342.698	27.4	3
4343.475	27.4	3
4344.247	27.5	3
4345.014	27.5	3
4345.775	27.5	3
4346.532	27.5	3
4347.283	27.6	3
4348.030	27.6	3
4348.771	27.6	3
4349.507	27.7	3
4350.238	27.7	3
4350.964	27.7	3
4351.685	27.7	3
4352.400	27.8	3
4353.111	27.8	3
4353.817	27.8	3
4354.517	27.9	3
4355.213	27.9	3
4355.903	27.9	3
4356.589	28	3
4357.269	28	3
4357.945	28	3
4358.615	28	3
4359.281	28.1	3
4359.941	28.1	3
4360.596	28.1	3
4361.247	28.2	3
4361.892	28.2	3
4362.532	28.2	3
4363.168	28.2	3
4363.798	28.3	3
4364.424	28.3	3
4365.044	28.3	3
4365.660	28.4	3
4366.271	28.4	3
4366.876	28.4	3
4367.477	28.4	3
4368.073	28.5	3
4368.664	28.5	3
4369.249	28.5	3
4369.830	28.6	3
4370.407	28.6	3
4370.978	28.6	3
4371.544	28.6	3
4372.105	28.7	3
4372.662	28.7	3
4373.213	28.7	3
4373.760	28.8	3
4374.302	28.8	3
4374.839	28.8	3
4375.371	28.8	3
4375.898	28.9	3
4376.420	28.9	3
4376.938	28.9	3
4377.450	29	3
4377.958	29	3
4378.461	29	3
4378.959	29	3
4379.452	29.1	3
4379.941	29.1	3
4380.424	29.1	3
4380.903	29.2	3
4381.377	29.2	3
4381.846	29.2	3
4382.311	29.2	3
4382.770	29.3	3
4383.225	29.3	3
4383.675	29.3	3
4384.120	29.4	3
4384.560	29.4	3
4384.996	29.4	3
4385.427	29.4	3
4385.853	29.5	3
4386.274	29.5	3
4386.691	29.5	3
4387.102	29.6	3
4387.509	29.6	3
4387.912	29.6	3
4388.309	29.6	3
4388.702	29.7	3
4389.090	29.7	3
4389.473	29.7	3
4389.852	29.8	3
4390.225	29.8	3
4390.595	29.8	3
4390.959	29.8	3
4391.319	29.9	3
4391.673	29.9	3
4392.024	29.9	3
4392.369	30	3
4392.710	30	3
4393.046	30	3
4393.378	30	3
4393.704	30.1	3
4394.027	30.1	3
4394.344	30.1	3
4394.657	30.2	3
4394.965	30.2	3
4395.268	30.2	3
4395.567	30.2	3
4395.861	30.3	3
4396.150	30.3	3
4396.435	30.3	3
4396.715	30.3	3
4396.990	30.4	3
4397.261	30.4	3
4397.527	30.4	3
4397.789	30.5	3
4398.046	30.5	3
4398.298	30.5	3
4398.546	30.5	3
4398.789	30.6	3
4399.027	30.6	3
4399.261	30.6	3
4399.490	30.7	3
4399.714	30.7	3
4399.934	30.7	3
4400.150	30.7	3
4400.360	30.8	3
4400.566	30.8	3
4400.768	30.8	3
4400.965	30.8	3
4401.157	30.9	4
4401.345	30.9	4
4401.528	30.9	4
4401.707	31	4
4401.881	31	4
4402.050	31	4
4402.215	31	4
4402.375	31.1	4
4402.531	31.1	4
4402.682	31.1	4
4402.829	31.2	4
4402.971	31.2	4
4403.109	31.2	4
4403.241	31.2	4
4403.370	31.3	4
4403.494	31.3	4
4403.613	31.3	4
4403.728	31.3	4
4403.838	31.4	4
4403.944	31.4	4
4404.045	31.4	4
4404.142	31.5	4
4404.234	31.5	4
4404.322	31.5	4
4404.405	31.5	4
4404.483	31.6	4
4404.557	31.6	4
4404.627	31.6	4
4404.692	31.6	4
4404.753	31.7	4
4404.809	31.7	4
4404.860	31.7	4
4404.907	31.8	4
4404.950	31.8	4
4404.988	31.8	4
4405.021	31.8	4
4405.051	31.9	4
4405.075	31.9	4
4405.095	31.9	4
4405.111	31.9	4
4405.122	32	4
4405.129	32	4
